[38;2;255;255;255;48;2;250;166;173m                                       [0m[38;2;0;0;0;48;2;253;255;253m NOW WHERE   [0m[38;2;255;255;255;48;2;250;166;173m     [0m[38;2;0;0;0;48;2;253;255;253m              [0m[38;2;255;255;255;48;2;250;166;173m    [0m[38;2;255;255;255;48;2;253;255;253m [0m[38;2;255;255;255;48;2;250;166;173m    [0m
[38;2;255;255;255;48;2;250;166;173m                                      [0m[38;2;0;0;0;48;2;253;255;253m  COULD MY         GARFIELD!!    [0m[38;2;255;255;255;48;2;250;166;173m     [0m[38;2;255;255;255;48;2;253;255;253m [0m[38;2;255;255;255;48;2;250;166;173m   [0m
[38;2;255;255;255;48;2;250;166;173m                                        [0m[38;2;0;0;0;48;2;253;255;253m PIPE BE?   [0m[38;2;255;255;255;48;2;250;166;173m     [0m[38;2;0;0;0;48;2;253;255;253m              [0m[38;2;255;255;255;48;2;250;166;173m    [0m[38;2;255;255;255;48;2;253;255;253m [0m[38;2;255;255;255;48;2;250;166;173m    [0m
[38;2;255;255;255;48;2;250;166;173m                 [0m[38;2;0;0;0;48;2;253;255;253m    [0m[38;2;255;255;255;48;2;250;166;173m                      [0m[38;2;0;0;0;48;2;253;255;253m  [0m[38;2;255;255;255;48;2;250;166;173m   [0m[38;2;0;0;0;48;2;253;255;253m   [0m[38;2;255;255;255;48;2;250;166;173m                 [0m[38;2;255;255;255;48;2;250;168;23m    [0m[38;2;255;255;255;48;2;250;166;173m    [0m[38;2;255;255;255;48;2;253;255;253m [0m[38;2;255;255;255;48;2;250;166;173m   [0m
[38;2;255;255;255;48;2;250;166;173m                [0m[38;2;0;0;0;48;2;253;255;253m         [0m[38;2;255;255;255;48;2;250;166;173m              [0m[38;2;0;0;0;48;2;253;255;253m [0m[38;2;255;255;255;48;2;250;166;173m [0m[38;2;0;0;0;48;2;253;255;253m [0m[38;2;255;255;255;48;2;250;166;173m                     [0m[38;2;255;255;255;48;2;250;168;23m          [0m[38;2;255;255;255;48;2;250;166;173m  [0m[38;2;255;255;255;48;2;146;61;253m   [0m[38;2;255;255;255;48;2;250;166;173m  [0m
[38;2;255;255;255;48;2;250;166;173m               [0m[38;2;0;0;0;48;2;253;255;253m        [0m[38;2;255;255;255;48;2;250;166;173m                                    [0m[38;2;255;255;255;48;2;250;168;23m          [0m[38;2;255;255;255;48;2;250;166;173m [0m[38;2;255;255;255;48;2;146;61;253m        [0m[38;2;255;255;255;48;2;250;166;173m  [0m
[38;2;255;255;255;48;2;250;166;173m   [0m[38;2;255;255;255;48;2;144;168;254m  [0m[38;2;255;255;255;48;2;92;138;237m    [0m[38;2;255;255;255;48;2;250;166;173m      [0m[38;2;0;0;0;48;2;253;255;253m       [0m[38;2;255;255;255;48;2;250;166;173m      [0m[38;2;255;255;255;48;2;144;168;254m  [0m[38;2;255;255;255;48;2;92;138;237m    [0m[38;2;255;255;255;48;2;250;166;173m                        [0m[38;2;255;255;255;48;2;250;168;23m               [0m[38;2;255;255;255;48;2;250;166;173m       [0m
[38;2;255;255;255;48;2;250;166;173m   [0m[38;2;255;255;255;48;2;144;168;254m  [0m[38;2;255;255;255;48;2;92;138;237m    [0m[38;2;255;255;255;48;2;250;166;173m     [0m[38;2;0;0;0;48;2;253;255;253m      [0m[38;2;255;255;255;48;2;250;166;173m        [0m[38;2;255;255;255;48;2;144;168;254m  [0m[38;2;255;255;255;48;2;92;138;237m    [0m[38;2;255;255;255;48;2;250;166;173m        [0m[38;2;0;0;0;48;2;253;255;253m [0m[38;2;255;255;255;48;2;250;166;173m               [0m[38;2;255;255;255;48;2;250;168;23m            [0m[38;2;255;255;255;48;2;250;166;173m          [0m
[38;2;255;255;255;48;2;250;166;173m   [0m[38;2;255;255;255;48;2;144;168;254m  [0m[38;2;255;255;255;48;2;92;138;237m    [0m[38;2;255;255;255;48;2;250;166;173m    [0m[38;2;0;0;0;48;2;253;255;253m      [0m[38;2;255;255;255;48;2;250;166;173m         [0m[38;2;255;255;255;48;2;144;168;254m  [0m[38;2;255;255;255;48;2;92;138;237m   [0m[38;2;255;255;255;48;2;144;168;254m [0m[38;2;255;255;255;48;2;250;166;173m     [0m[38;2;0;0;0;48;2;253;255;253m        [0m[38;2;255;255;255;48;2;250;166;173m          [0m[38;2;255;255;255;48;2;250;168;23m             [0m[38;2;255;255;255;48;2;250;166;173m          [0m
[38;2;255;255;255;48;2;250;166;173m   [0m[38;2;255;255;255;48;2;144;168;254m  [0m[38;2;255;255;255;48;2;92;138;237m   [0m[38;2;255;255;255;48;2;144;168;254m        [0m[38;2;0;0;0;48;2;253;255;253m  [0m[38;2;255;255;255;48;2;250;166;173m          [0m[38;2;255;255;255;48;2;144;168;254m  [0m[38;2;255;255;255;48;2;92;138;237m  [0m[38;2;255;255;255;48;2;144;168;254m            [0m[38;2;0;0;0;48;2;253;255;253m   [0m[38;2;255;255;255;48;2;250;166;173m      [0m[38;2;0;0;0;48;2;60;102;2m  [0m[38;2;255;255;255;48;2;250;168;23m                [0m[38;2;0;0;0;48;2;60;102;2m         [0m
[38;2;255;255;255;48;2;250;166;173m   [0m[38;2;255;255;255;48;2;144;168;254m [0m[38;2;255;255;255;48;2;177;145;135m               [0m[38;2;255;255;255;48;2;250;166;173m         [0m[38;2;255;255;255;48;2;144;168;254m  [0m[38;2;255;255;255;48;2;177;145;135m               [0m[38;2;255;255;255;48;2;250;166;173m        [0m[38;2;0;0;0;48;2;60;102;2m                           [0m
[38;2;255;255;255;48;2;250;166;173m   [0m[38;2;255;255;255;48;2;156;95;86m                 [0m[38;2;255;255;255;48;2;250;166;173m         [0m[38;2;255;255;255;48;2;156;95;86m                 [0m[38;2;255;255;255;48;2;250;166;173m       [0m[38;2;0;0;0;48;2;60;102;2m                           [0m