[38;2;0;0;0;48;2;255;255;255m                                                                                [0m
[38;2;0;0;0;48;2;255;255;255m                                                                                [0m
[38;2;0;0;0;48;2;255;255;255m                ______        ______     ______    _______   _______            [0m
[38;2;0;0;0;48;2;255;255;255m               / /  \ \      / /  \_\   / /  \_\     | |       | |              [0m
[38;2;0;0;0;48;2;255;255;255m              / /____\ \     \_\___    | |           | |       | |              [0m
[38;2;0;0;0;48;2;255;255;255m             / /------\ \   __   \ \   | |    __     | |       | |              [0m
[38;2;0;0;0;48;2;255;255;255m            /_/        \_\  \_\__/_/    \_\__/_/   __|_|__   __|_|__            [0m
[38;2;0;0;0;48;2;255;255;255m                                                                                [0m
[38;2;0;0;0;48;2;255;255;255m                                                                                [0m
[38;2;128;128;128;48;2;0;0;0m++++++++++++++++++++++++++++++++++++++++++++++++++++++++++++++++++++++++++++++++[0m
[38;2;128;128;128;48;2;0;0;0m+++++++++++++++++[0m[38;2;255;0;0;48;2;0;0;0m\\\[0m[38;2;128;128;128;48;2;0;0;0m+++++++++++++[0m[38;2;255;0;0;48;2;0;0;0m\\\\\\\\\[0m[38;2;128;128;128;48;2;0;0;0m+++++++++[0m[38;2;255;0;0;48;2;0;0;0m\\\\\\\\\\\\[0m[38;2;128;128;128;48;2;0;0;0m+++++++++++++++++[0m
[38;2;128;128;128;48;2;0;0;0m++++++++++++++++[0m[38;2;255;0;0;48;2;0;0;0m\\[0m[38;2;128;0;0;48;2;255;0;0mAA[0m[38;2;255;0;0;48;2;0;0;0m\[0m[38;2;128;128;128;48;2;0;0;0m+++++++++++[0m[38;2;255;0;0;48;2;0;0;0m\\[0m[38;2;128;0;0;48;2;255;0;0mRRRRRRRRR[0m[38;2;255;0;0;48;2;0;0;0m\[0m[38;2;128;128;128;48;2;0;0;0m++++++[0m[38;2;255;0;0;48;2;0;0;0m\\\[0m[38;2;128;0;0;48;2;255;0;0mTTTTTTTTT[0m[38;2;255;0;0;48;2;0;0;0m\\\\\\\[0m[38;2;128;128;128;48;2;0;0;0m+++++++++++[0m
[38;2;128;128;128;48;2;0;0;0m+++++++++++++++[0m[38;2;255;0;0;48;2;0;0;0m\\\[0m[38;2;128;0;0;48;2;255;0;0mAAA[0m[38;2;128;128;128;48;2;0;0;0m+++++++++++[0m[38;2;255;0;0;48;2;0;0;0m\[0m[38;2;128;0;0;48;2;255;0;0mRRRRRRRRRRR[0m[38;2;255;0;0;48;2;0;0;0m\[0m[38;2;128;128;128;48;2;0;0;0m+++++[0m[38;2;255;0;0;48;2;0;0;0m\\[0m[38;2;128;0;0;48;2;255;0;0mTTTTTTTTTTTTTTTTT[0m[38;2;255;0;0;48;2;0;0;0m\[0m[38;2;128;128;128;48;2;0;0;0m++++++++++[0m
[38;2;128;128;128;48;2;0;0;0m++++++++++++++[0m[38;2;255;0;0;48;2;0;0;0m\\\[0m[38;2;128;0;0;48;2;255;0;0mAAAA[0m[38;2;255;0;0;48;2;0;0;0m\[0m[38;2;128;128;128;48;2;0;0;0m+++++++++[0m[38;2;255;0;0;48;2;0;0;0m\\[0m[38;2;128;0;0;48;2;255;0;0mRRRRRRRRRRRR[0m[38;2;255;0;0;48;2;0;0;0m\[0m[38;2;128;128;128;48;2;0;0;0m++++++[0m[38;2;255;0;0;48;2;0;0;0m\[0m[38;2;128;0;0;48;2;255;0;0mTTTTTTTTTTTTTTTTT[0m[38;2;128;128;128;48;2;0;0;0m++++++++++[0m
[38;2;128;128;128;48;2;0;0;0m+++++++++++++[0m[38;2;255;0;0;48;2;0;0;0m\\\[0m[38;2;128;0;0;48;2;255;0;0mAAAAAA[0m[38;2;255;0;0;48;2;0;0;0m\[0m[38;2;128;128;128;48;2;0;0;0m++++++++[0m[38;2;255;0;0;48;2;0;0;0m\\[0m[38;2;128;0;0;48;2;255;0;0mRRR[0m[38;2;128;128;128;48;2;0;0;0m++++[0m[38;2;255;0;0;48;2;0;0;0m\\[0m[38;2;128;0;0;48;2;255;0;0mRRRR[0m[38;2;128;128;128;48;2;0;0;0m++++++++++++[0m[38;2;255;0;0;48;2;0;0;0m\[0m[38;2;128;0;0;48;2;255;0;0mTTTTTTTTTT[0m[38;2;128;128;128;48;2;0;0;0m+++++++++++[0m
[38;2;128;128;128;48;2;0;0;0m++++++++++++[0m[38;2;255;0;0;48;2;0;0;0m\\\[0m[38;2;128;0;0;48;2;255;0;0mAAA[0m[38;2;255;0;0;48;2;0;0;0m\[0m[38;2;128;0;0;48;2;255;0;0mAAAA[0m[38;2;255;0;0;48;2;0;0;0m\[0m[38;2;128;128;128;48;2;0;0;0m+++++++[0m[38;2;255;0;0;48;2;0;0;0m\\[0m[38;2;128;0;0;48;2;255;0;0mRRR[0m[38;2;128;128;128;48;2;0;0;0m+++[0m[38;2;255;0;0;48;2;0;0;0m\\[0m[38;2;128;0;0;48;2;255;0;0mRRRRR[0m[38;2;128;128;128;48;2;0;0;0m+++++++++++[0m[38;2;255;0;0;48;2;0;0;0m\\[0m[38;2;128;0;0;48;2;255;0;0mTTT[0m[38;2;128;128;128;48;2;0;0;0m++++++++++++++++++[0m
[38;2;128;128;128;48;2;0;0;0m+++++++++++[0m[38;2;255;0;0;48;2;0;0;0m\\\\[0m[38;2;128;0;0;48;2;255;0;0mAA[0m[38;2;255;0;0;48;2;0;0;0m\\\[0m[38;2;128;0;0;48;2;255;0;0mAAAA[0m[38;2;128;128;128;48;2;0;0;0m+++++++[0m[38;2;255;0;0;48;2;0;0;0m\\[0m[38;2;128;0;0;48;2;255;0;0mRRR[0m[38;2;255;0;0;48;2;0;0;0m\\\\[0m[38;2;128;0;0;48;2;255;0;0mRRRRR[0m[38;2;128;128;128;48;2;0;0;0m++++++++++++[0m[38;2;255;0;0;48;2;0;0;0m\[0m[38;2;128;0;0;48;2;255;0;0mTTTT[0m[38;2;128;128;128;48;2;0;0;0m++++++++++++++++++[0m
[38;2;128;128;128;48;2;0;0;0m++++++++++[0m[38;2;255;0;0;48;2;0;0;0m\\\\[0m[38;2;128;0;0;48;2;255;0;0mAAAAAAAAAA[0m[38;2;255;0;0;48;2;0;0;0m\[0m[38;2;128;128;128;48;2;0;0;0m++++++[0m[38;2;255;0;0;48;2;0;0;0m\\[0m[38;2;128;0;0;48;2;255;0;0mRRRRRRRRRRR[0m[38;2;255;0;0;48;2;0;0;0m\\\\[0m[38;2;128;128;128;48;2;0;0;0m++++++++[0m[38;2;255;0;0;48;2;0;0;0m\\[0m[38;2;128;0;0;48;2;255;0;0mTTT[0m[38;2;128;128;128;48;2;0;0;0m+++++++++++++++++++[0m
[38;2;128;128;128;48;2;0;0;0m+++++++++[0m[38;2;255;0;0;48;2;0;0;0m\\\[0m[38;2;128;0;0;48;2;255;0;0mAAAAAAAAAAAAAA[0m[38;2;255;0;0;48;2;0;0;0m\[0m[38;2;128;128;128;48;2;0;0;0m++++[0m[38;2;255;0;0;48;2;0;0;0m\\[0m[38;2;128;0;0;48;2;255;0;0mRRR[0m[38;2;255;0;0;48;2;0;0;0m\[0m[38;2;128;0;0;48;2;255;0;0mRRRRRRRRRRR[0m[38;2;255;0;0;48;2;0;0;0m\\[0m[38;2;128;128;128;48;2;0;0;0m++++++[0m[38;2;255;0;0;48;2;0;0;0m\\[0m[38;2;128;0;0;48;2;255;0;0mTTT[0m[38;2;128;128;128;48;2;0;0;0m+++++++++++++++++++[0m
[38;2;128;128;128;48;2;0;0;0m++++++++[0m[38;2;255;0;0;48;2;0;0;0m\\\[0m[38;2;128;0;0;48;2;255;0;0mAA[0m[38;2;128;128;128;48;2;0;0;0m++++++++[0m[38;2;255;0;0;48;2;0;0;0m\[0m[38;2;128;0;0;48;2;255;0;0mAAAAAA[0m[38;2;255;0;0;48;2;0;0;0m\[0m[38;2;128;128;128;48;2;0;0;0m++[0m[38;2;255;0;0;48;2;0;0;0m\[0m[38;2;128;0;0;48;2;255;0;0mRRRR[0m[38;2;128;128;128;48;2;0;0;0m+++[0m[38;2;255;0;0;48;2;0;0;0m\[0m[38;2;128;0;0;48;2;255;0;0mRRRRRRRRRRR[0m[38;2;255;0;0;48;2;0;0;0m\[0m[38;2;128;128;128;48;2;0;0;0m++++[0m[38;2;255;0;0;48;2;0;0;0m\[0m[38;2;128;0;0;48;2;255;0;0mTTTT[0m[38;2;128;128;128;48;2;0;0;0m+++++++++++++++++++[0m
[38;2;128;128;128;48;2;0;0;0m++++++++[0m[38;2;255;0;0;48;2;0;0;0m\[0m[38;2;128;0;0;48;2;255;0;0mAAA[0m[38;2;128;128;128;48;2;0;0;0m+++++++++++[0m[38;2;255;0;0;48;2;0;0;0m\[0m[38;2;128;0;0;48;2;255;0;0mAAAAA[0m[38;2;128;128;128;48;2;0;0;0m++[0m[38;2;255;0;0;48;2;0;0;0m\[0m[38;2;128;0;0;48;2;255;0;0mRRR[0m[38;2;128;128;128;48;2;0;0;0m+++++++[0m[38;2;255;0;0;48;2;0;0;0m\[0m[38;2;128;0;0;48;2;255;0;0mRRRRRRRRR[0m[38;2;128;128;128;48;2;0;0;0m++++[0m[38;2;255;0;0;48;2;0;0;0m\[0m[38;2;128;0;0;48;2;255;0;0mTTT[0m[38;2;128;128;128;48;2;0;0;0m++++++++++++++++++++[0m
[38;2;128;128;128;48;2;0;0;0m++++++++[0m[38;2;255;0;0;48;2;0;0;0m\[0m[38;2;128;0;0;48;2;255;0;0mAA[0m[38;2;128;128;128;48;2;0;0;0m+++++++++++++[0m[38;2;255;0;0;48;2;0;0;0m\[0m[38;2;128;0;0;48;2;255;0;0mAAA[0m[38;2;128;128;128;48;2;0;0;0m++++[0m[38;2;255;0;0;48;2;0;0;0m\[0m[38;2;128;0;0;48;2;255;0;0mR[0m[38;2;128;128;128;48;2;0;0;0m+++++++++++++[0m[38;2;255;0;0;48;2;0;0;0m\[0m[38;2;128;0;0;48;2;255;0;0mRRR[0m[38;2;128;128;128;48;2;0;0;0m++++++[0m[38;2;255;0;0;48;2;0;0;0m\[0m[38;2;128;0;0;48;2;255;0;0mT[0m[38;2;128;128;128;48;2;0;0;0m+++++++++++++++++++++[0m
[38;2;128;128;128;48;2;0;0;0m++++++++++++++++++++++++++++++++++++++++++++++++++++++++++++++++++++++++++++++++[0m
[38;2;128;128;128;48;2;0;0;0m++++++++++++++++++++++++++++++++++++++++++++++++++++++++++++++++++++++++++++++++[0m