[0m[48;2;0;255;255;38;2;0;128;255m [48;2;0;255;255;38;2;0;128;255m [48;2;0;255;255;38;2;0;128;255m [48;2;0;255;255;38;2;0;128;255m [48;2;128;128;128;38;2;0;255;255m▀[48;2;128;128;128;38;2;0;255;255m▀[48;2;128;128;128;38;2;0;255;255m▀[48;2;0;255;255;38;2;0;128;255m [48;2;0;255;255;38;2;0;128;255m [48;2;0;255;255;38;2;0;128;255m [48;2;0;255;255;38;2;0;128;255m [48;2;0;255;255;38;2;0;128;255m [48;2;0;255;255;38;2;0;128;255m [48;2;0;255;255;38;2;0;128;255m [48;2;0;255;255;38;2;0;128;255m [0m
[0m[48;2;0;255;255;38;2;0;128;255m [48;2;0;255;255;38;2;0;128;255m [48;2;0;255;255;38;2;0;128;255m [48;2;128;128;128;38;2;0;128;255m [48;2;0;255;255;38;2;128;128;128m▀[48;2;0;255;255;38;2;0;128;255m [48;2;0;255;255;38;2;128;128;128m▀[48;2;128;128;128;38;2;0;128;255m [48;2;0;255;255;38;2;0;128;255m [48;2;0;255;255;38;2;0;128;255m [48;2;0;255;255;38;2;0;128;255m [48;2;0;255;255;38;2;0;128;255m [48;2;0;255;255;38;2;0;128;255m [48;2;0;255;255;38;2;0;128;255m [48;2;0;255;255;38;2;0;128;255m [0m
[0m[48;2;0;255;255;38;2;0;128;255m [48;2;0;255;255;38;2;0;128;255m [48;2;255;255;255;38;2;0;255;255m▀[48;2;0;0;0;38;2;255;255;255m▀[48;2;255;255;255;38;2;0;255;255m▀[48;2;0;255;255;38;2;0;128;255m [48;2;255;255;255;38;2;0;255;255m▀[48;2;0;0;0;38;2;255;255;255m▀[48;2;255;255;255;38;2;0;255;255m▀[48;2;0;255;255;38;2;0;128;255m [48;2;0;255;255;38;2;0;128;255m [48;2;0;255;255;38;2;0;128;255m [48;2;0;255;255;38;2;0;128;255m [48;2;0;255;255;38;2;0;128;255m [48;2;0;255;255;38;2;0;128;255m [0m
[0m[48;2;0;255;255;38;2;0;128;255m [48;2;0;255;255;38;2;0;128;255m [48;2;0;255;255;38;2;0;128;255m [48;2;128;128;128;38;2;255;255;255m▀[48;2;255;255;128;38;2;0;128;255m_[48;2;255;255;128;38;2;255;0;0m/[48;2;255;255;128;38;2;0;128;255m_[48;2;128;128;128;38;2;255;255;255m▀[48;2;255;255;128;38;2;0;128;255m_[48;2;255;255;128;38;2;0;128;255m_[48;2;255;255;128;38;2;0;128;255m_[48;2;255;255;128;38;2;0;128;255m_[48;2;255;255;128;38;2;0;128;255m_[48;2;255;255;128;38;2;0;128;255m_[48;2;255;255;128;38;2;0;128;255m_[0m
[0m[48;2;0;255;255;38;2;0;128;255m [48;2;0;255;255;38;2;0;128;255m [48;2;0;255;255;38;2;0;128;255m [48;2;128;128;128;38;2;0;128;255m [48;2;255;255;128;38;2;255;0;0m/[48;2;128;128;128;38;2;0;128;255m [48;2;255;255;128;38;2;0;128;255m_[48;2;128;128;128;38;2;0;128;255m [48;2;255;255;128;38;2;0;128;255m_[48;2;255;255;128;38;2;0;128;255m_[48;2;255;255;128;38;2;0;128;255m_[48;2;255;255;128;38;2;0;128;255m_[48;2;255;255;128;38;2;0;128;255m_[48;2;255;255;128;38;2;0;128;255m_[48;2;0;255;255;38;2;0;128;255m [0m
[0m[48;2;0;255;255;38;2;0;128;255m [48;2;0;255;255;38;2;0;128;255m [48;2;255;255;128;38;2;0;128;255m_[48;2;128;128;128;38;2;0;128;255m [48;2;255;255;128;38;2;0;128;255m_[48;2;128;128;128;38;2;0;128;255m [48;2;255;255;128;38;2;0;128;255m_[48;2;128;128;128;38;2;0;128;255m [48;2;255;255;128;38;2;0;128;255m_[48;2;255;255;128;38;2;0;128;255m_[48;2;255;255;128;38;2;0;128;255m_[48;2;255;255;128;38;2;0;128;255m_[48;2;255;255;128;38;2;0;128;255m_[48;2;0;255;255;38;2;0;128;255m [48;2;0;255;255;38;2;0;128;255m [0m
[0m[48;2;0;255;255;38;2;0;128;255m [48;2;0;255;255;38;2;0;128;255m [48;2;255;255;128;38;2;0;128;255m_[48;2;128;128;128;38;2;0;128;255m [48;2;255;255;128;38;2;0;128;255m_[48;2;255;255;128;38;2;128;128;128m▀[48;2;128;128;128;38;2;0;128;255m [48;2;255;255;128;38;2;128;128;128m▀[48;2;255;255;128;38;2;0;128;255m_[48;2;128;128;128;38;2;0;128;255m [48;2;255;255;128;38;2;128;128;128m▀[48;2;255;255;128;38;2;128;128;128m▀[48;2;0;255;255;38;2;255;255;128m▀[48;2;0;255;255;38;2;0;128;255m [48;2;0;255;255;38;2;0;128;255m [0m
[0m[48;2;0;255;255;38;2;0;128;255m [48;2;0;255;255;38;2;0;128;255m [48;2;255;255;128;38;2;0;128;255m_[48;2;128;128;128;38;2;0;128;255m [48;2;255;255;128;38;2;0;128;255m_[48;2;255;255;128;38;2;0;128;255m_[48;2;255;255;128;38;2;0;128;255m_[48;2;255;255;128;38;2;0;128;255m_[48;2;128;128;128;38;2;0;128;255m [48;2;255;255;128;38;2;128;128;128m▀[48;2;255;255;128;38;2;0;128;255m_[48;2;255;255;128;38;2;0;128;255m_[48;2;0;255;255;38;2;0;128;255m [48;2;0;255;255;38;2;0;128;255m [48;2;0;255;255;38;2;0;128;255m [0m
[0m[48;2;0;255;255;38;2;0;128;255m [48;2;255;255;128;38;2;0;128;255m_[48;2;255;255;128;38;2;255;0;0m/[48;2;255;255;128;38;2;128;128;128m▀[48;2;128;128;128;38;2;0;128;255m [48;2;128;128;128;38;2;255;255;128m▀[48;2;128;128;128;38;2;255;255;128m▀[48;2;128;128;128;38;2;0;128;255m [48;2;255;255;128;38;2;128;128;128m▀[48;2;255;255;128;38;2;0;128;255m_[48;2;255;255;128;38;2;0;128;255m_[48;2;255;255;128;38;2;0;128;255m_[48;2;0;255;255;38;2;0;128;255m [48;2;0;255;255;38;2;0;128;255m [48;2;0;255;255;38;2;0;128;255m [0m
[0m[48;2;255;255;128;38;2;0;128;255m_[48;2;255;255;128;38;2;255;0;0m/[48;2;255;255;128;38;2;0;128;255m_[48;2;255;255;128;38;2;0;128;255m_[48;2;255;255;128;38;2;0;128;255m_[48;2;255;255;128;38;2;0;128;255m_[48;2;255;255;128;38;2;0;128;255m_[48;2;255;255;128;38;2;0;128;255m_[48;2;255;255;128;38;2;0;128;255m_[48;2;255;255;128;38;2;0;128;255m_[48;2;255;255;128;38;2;0;128;255m_[48;2;0;255;255;38;2;0;128;255m [48;2;0;255;255;38;2;0;128;255m [48;2;0;255;255;38;2;0;128;255m [48;2;0;255;255;38;2;0;128;255m [0m
