[38;2;0;0;0;48;2;127;63;0m===__====_=======___======____=__========____========_==============____========[0m
[38;2;0;0;0;48;2;127;63;0m=======_______========[0m[38;2;128;64;0;48;2;0;0;0m▀[0m[38;2;128;128;64;48;2;0;0;0m▄▄[0m[38;2;255;255;255;48;2;0;0;0m [0m[38;2;0;0;0;48;2;255;255;128m▀▀▀▀▀▀▀▀▀▀▀▀▀▀▀▀▀▀▀▀▀▀▀▀▀▀▀▀▀▀▀▀[0m[38;2;128;64;0;48;2;0;0;0m▀▀[0m[38;2;0;0;0;48;2;127;63;0m=====___============[0m
[38;2;0;0;0;48;2;127;63;0m===____=====__=======[0m[38;2;255;255;255;48;2;0;0;0m [0m[38;2;255;255;255;48;2;255;255;127m  [0m[38;2;255;255;128;48;2;128;128;64m░░[0m[38;2;255;255;255;48;2;0;0;0m [0m[38;2;255;255;255;48;2;255;255;127m         [0m[38;2;0;0;0;48;2;255;255;127m\[0m[38;2;255;255;255;48;2;255;255;127m  [0m[38;2;0;0;0;48;2;255;255;127m\######/[0m[38;2;255;255;255;48;2;255;255;127m      [0m[38;2;0;0;0;48;2;255;255;127m/[0m[38;2;255;255;255;48;2;255;255;127m      [0m[38;2;0;0;0;48;2;255;255;128m▀[0m[38;2;128;64;0;48;2;0;0;0m▀[0m[38;2;0;0;0;48;2;127;63;0m=__===========____[0m
[38;2;0;0;0;48;2;127;63;0m==_=\=====__===__===[0m[38;2;255;255;255;48;2;0;0;0m [0m[38;2;255;255;255;48;2;255;255;127m    [0m[38;2;255;255;128;48;2;128;128;64m░░[0m[38;2;255;255;255;48;2;0;0;0m [0m[38;2;255;255;255;48;2;255;255;127m         [0m[38;2;0;0;0;48;2;255;255;127m\######[0m[38;2;255;255;255;48;2;255;255;127m [0m[38;2;0;0;0;48;2;255;255;127m/[0m[38;2;255;255;255;48;2;255;255;127m   [0m[38;2;0;0;0;48;2;255;255;127m#[0m[38;2;255;255;255;48;2;255;255;127m  [0m[38;2;0;0;0;48;2;255;255;127m/[0m[38;2;255;255;255;48;2;255;255;127m        [0m[38;2;255;255;255;48;2;0;0;0m [0m[38;2;0;0;0;48;2;127;63;0m=======_______====[0m
[38;2;0;0;0;48;2;127;63;0m_//==\\\=_=========[0m[38;2;255;255;255;48;2;0;0;0m [0m[38;2;255;255;255;48;2;255;255;127m   [0m[38;2;255;255;255;48;2;0;0;0m [0m[38;2;0;0;0;48;2;255;255;128m▀▀▀[0m[38;2;255;255;255;48;2;0;0;0m [0m[38;2;255;255;255;48;2;255;255;127m    [0m[38;2;128;128;64;48;2;255;255;128m▒[0m[38;2;255;255;255;48;2;255;255;127m      [0m[38;2;0;0;0;48;2;255;255;127m\[0m[38;2;255;255;255;48;2;255;255;127m [0m[38;2;128;128;64;48;2;255;255;128m▒[0m[38;2;255;255;255;48;2;255;255;127m  [0m[38;2;0;0;0;48;2;255;255;127m/[0m[38;2;255;255;255;48;2;255;255;127m       [0m[38;2;0;0;0;48;2;255;255;127m|[0m[38;2;255;255;255;48;2;255;255;127m [0m[38;2;128;128;64;48;2;255;255;128m▒[0m[38;2;255;255;255;48;2;255;255;127m    [0m[38;2;128;128;64;48;2;255;255;128m▒[0m[38;2;128;128;64;48;2;0;0;0m▀[0m[38;2;0;0;0;48;2;128;64;0m▀[0m[38;2;0;0;0;48;2;127;63;0m=====___\=======__[0m
[38;2;0;0;0;48;2;127;63;0m//(O))_\_=====\=__=[0m[38;2;255;255;255;48;2;0;0;0m [0m[38;2;255;255;255;48;2;255;255;127m   [0m[38;2;255;255;255;48;2;0;0;0m [0m[38;2;255;255;128;48;2;128;128;64m░░[0m[38;2;255;255;255;48;2;127;127;63m [0m[38;2;255;255;255;48;2;0;0;0m [0m[38;2;128;128;64;48;2;255;255;128m▒▒▒▒▒▒▒▒▒▒▒[0m[38;2;0;0;0;48;2;128;128;64m/[0m[38;2;128;128;64;48;2;255;255;128m▒▒▒[0m[38;2;0;0;0;48;2;128;128;64m/[0m[38;2;128;128;64;48;2;255;255;128m▒▒▒▒▒▒▒[0m[38;2;0;0;0;48;2;128;128;64m/[0m[38;2;128;128;64;48;2;255;255;128m▒▒▒▒▒▒▒[0m[38;2;128;128;64;48;2;0;0;0m▀[0m[38;2;0;0;0;48;2;128;64;0m▀[0m[38;2;0;0;0;48;2;127;63;0m====__========_____[0m
[38;2;0;0;0;48;2;127;63;0m\\\==//========__==[0m[38;2;255;255;255;48;2;0;0;0m [0m[38;2;255;255;255;48;2;255;255;127m   [0m[38;2;128;128;64;48;2;255;255;128m░[0m[38;2;0;0;0;48;2;128;128;64m▀[0m[38;2;128;128;64;48;2;0;0;0m▀[0m[38;2;255;255;255;48;2;0;0;0m [0m[38;2;128;128;64;48;2;0;0;0m▀▀▀▀▀▀▀▀▀▀▀▀▀▀▀▀▀▀▀▀▀▀▀▀▀▀▀▀▀▀[0m[38;2;0;0;0;48;2;128;64;0m▀▀[0m[38;2;0;0;0;48;2;127;63;0m===\__========__===__[0m
[38;2;0;0;0;48;2;127;63;0m=_\\/____=====__===[0m[38;2;255;255;255;48;2;0;0;0m [0m[38;2;255;255;255;48;2;255;255;127m    [0m[38;2;128;128;64;48;2;255;255;128m░░▒▒▓[0m[38;2;0;0;128;48;2;128;128;64m [0m[38;2;0;0;0;48;2;128;128;64m%\[0m[38;2;0;0;128;48;2;128;128;64mSSSSSSSSSSSSSSSSSSSSSS[0m[38;2;255;255;255;48;2;0;0;0m [0m[38;2;0;0;0;48;2;127;63;0m=======_=======___==___==[0m
[38;2;0;0;0;48;2;127;63;0m==_======____======[0m[38;2;255;255;255;48;2;0;0;0m [0m[38;2;255;255;255;48;2;255;255;127m         [0m[38;2;128;64;0;48;2;255;255;127m⌂[0m[38;2;255;255;255;48;2;255;255;127m [0m[38;2;0;0;0;48;2;255;255;128m%\[0m[38;2;0;128;255;48;2;255;255;128mSSSSSSSSSSSSSSSSSSSSS[0m[38;2;0;0;0;48;2;127;63;0m=====___=====___===__\====[0m
[38;2;0;0;0;48;2;127;63;0m========__==__=======[0m[38;2;255;255;255;48;2;255;255;127m     [0m[38;2;0;0;0;48;2;255;255;128m_____[0m[38;2;255;255;255;48;2;255;255;127m  [0m[38;2;0;0;0;48;2;255;255;128m%%%%\[0m[38;2;0;128;255;48;2;255;255;128mSSSSSSSSS[0m[38;2;0;0;0;48;2;255;255;128m/%%%%\[0m[38;2;0;128;255;48;2;255;255;128mS[0m[38;2;255;255;255;48;2;0;0;0m [0m[38;2;0;0;0;48;2;127;63;0m===_======__====__=====__[0m
[38;2;0;0;0;48;2;127;63;0m=======___====_=========[0m[38;2;255;255;255;48;2;255;255;127m [0m[38;2;0;0;0;48;2;255;255;128m/[0m[38;2;128;128;64;48;2;255;255;128m▲▲▲▲▲[0m[38;2;0;0;0;48;2;255;255;128m\_[0m[38;2;255;255;255;48;2;255;255;127m     [0m[38;2;0;0;0;48;2;255;255;128m%%%%%%%%%[0m[38;2;255;255;255;48;2;255;255;127m [0m[38;2;128;64;0;48;2;255;255;127m⌂⌂⌂[0m[38;2;255;255;255;48;2;255;255;127m  [0m[38;2;0;0;0;48;2;255;255;128m%[0m[38;2;255;255;255;48;2;0;0;0m [0m[38;2;0;0;0;48;2;127;63;0m==__===___=_=___=====__==[0m
[38;2;0;0;0;48;2;127;63;0m=====____====__====[0m[38;2;255;255;255;48;2;0;0;0m [0m[38;2;255;255;255;48;2;255;255;127m    [0m[38;2;0;0;0;48;2;255;255;128m/[0m[38;2;128;128;64;48;2;255;255;128m▲▲[0m[38;2;255;255;255;48;2;255;255;127m    [0m[38;2;128;128;64;48;2;255;255;128m▲▲[0m[38;2;0;0;0;48;2;255;255;128m\[0m[38;2;255;255;255;48;2;255;255;127m   [0m[38;2;0;0;0;48;2;255;255;128mYe olde.  [0m[38;2;255;255;255;48;2;255;255;127m       [0m[38;2;255;255;255;48;2;0;0;0m [0m[38;2;0;0;0;48;2;127;63;0m======_===//_==\\=___====[0m
[38;2;0;0;0;48;2;127;63;0m=____==_====__=====[0m[38;2;255;255;255;48;2;0;0;0m [0m[38;2;255;255;255;48;2;255;255;127m    [0m[38;2;255;0;0;48;2;255;255;128m  [0m[38;2;255;255;255;48;2;255;255;127m      [0m[38;2;128;128;64;48;2;255;255;128m▲▲▲[0m[38;2;255;255;255;48;2;255;255;127m     [0m[38;2;0;0;0;48;2;255;255;128mJust a fact.[0m[38;2;255;255;255;48;2;255;255;127m [0m[38;2;0;0;0;48;2;127;63;0m========_____//○))))======_[0m
[38;2;0;0;0;48;2;127;63;0m_====__==___==\\===[0m[38;2;255;255;255;48;2;0;0;0m [0m[38;2;255;255;255;48;2;255;255;127m  [0m[38;2;0;0;0;48;2;255;255;128m/[0m[38;2;255;0;0;48;2;255;255;128m   [0m[38;2;255;255;255;48;2;255;255;127m        [0m[38;2;128;128;64;48;2;255;255;128m▲▲[0m[38;2;255;255;255;48;2;255;255;127m  [0m[38;2;128;128;64;48;2;255;255;128m▲[0m[38;2;255;255;255;48;2;255;255;127m [0m[38;2;128;128;64;48;2;255;255;128m▲[0m[38;2;255;255;255;48;2;255;255;127m [0m[38;2;0;0;0;48;2;255;255;127m########[0m[38;2;0;0;0;48;2;255;255;128m\[0m[38;2;255;255;255;48;2;255;255;127m   [0m[38;2;0;0;0;48;2;127;63;0m========___\\\\=////_____=[0m
[38;2;0;0;0;48;2;127;63;0m===__=____====__===[0m[38;2;255;255;255;48;2;0;0;0m [0m[38;2;0;0;0;48;2;255;255;128m--[0m[38;2;255;255;255;48;2;255;255;127m [0m[38;2;255;0;0;48;2;255;255;128m     [0m[38;2;255;255;255;48;2;255;255;127m       [0m[38;2;128;128;64;48;2;255;255;128m▲▲[0m[38;2;255;255;255;48;2;255;255;127m [0m[38;2;128;128;64;48;2;255;255;128m▲▲▲[0m[38;2;0;0;0;48;2;255;255;127m##########[0m[38;2;0;0;0;48;2;255;255;128m\[0m[38;2;255;255;255;48;2;255;255;127m  [0m[38;2;255;255;255;48;2;0;0;0m [0m[38;2;0;0;0;48;2;127;63;0m======___===\==//_=======[0m
[38;2;0;0;0;48;2;127;63;0m=___=__=======__===[0m[38;2;255;255;255;48;2;0;0;0m [0m[38;2;255;255;255;48;2;255;255;127m [0m[38;2;0;0;0;48;2;127;63;0m=[0m[38;2;255;255;255;48;2;255;255;127m [0m[38;2;255;0;0;48;2;255;255;128m  X  [0m[38;2;255;255;255;48;2;255;255;127m                [0m[38;2;255;0;0;48;2;255;255;128m_ - -[0m[38;2;0;0;0;48;2;255;255;127m###[0m[38;2;0;0;0;48;2;255;255;128m\[0m[38;2;255;255;255;48;2;255;255;127m [0m[38;2;255;255;255;48;2;0;0;0m [0m[38;2;0;0;0;48;2;127;63;0m============____=========[0m
[38;2;0;0;0;48;2;127;63;0m__=\_=======__========[0m[38;2;255;255;255;48;2;255;255;127m [0m[38;2;255;0;0;48;2;255;255;128m    -[0m[38;2;255;255;255;48;2;255;255;127m [0m[38;2;255;0;0;48;2;255;255;128m_   [0m[38;2;255;255;255;48;2;255;255;127m        [0m[38;2;255;0;0;48;2;255;255;128m_ -  [0m[38;2;255;255;255;48;2;255;255;127m    [0m[38;2;0;0;0;48;2;255;255;127m##[0m[38;2;255;255;255;48;2;255;255;127m [0m[38;2;0;0;0;48;2;127;63;0m=========_____=============[0m
[38;2;0;0;0;48;2;127;63;0m=___========_======[0m[38;2;255;255;255;48;2;0;0;0m [0m[38;2;255;255;255;48;2;255;255;127m [0m[38;2;128;128;64;48;2;255;255;128m/[0m[38;2;255;0;0;48;2;255;255;128m [0m[38;2;128;128;64;48;2;255;255;128m/[0m[38;2;255;0;0;48;2;255;255;128m [0m[38;2;128;128;64;48;2;255;255;128m_[0m[38;2;255;0;0;48;2;255;255;128m      -_  [0m[38;2;255;255;255;48;2;255;255;127m   [0m[38;2;255;0;0;48;2;255;255;128m_-  [0m[38;2;255;255;255;48;2;255;255;127m [0m[38;2;0;0;0;48;2;255;255;128m¡[0m[38;2;255;255;255;48;2;255;255;127m [0m[38;2;0;0;0;48;2;255;255;128m¡!¡![0m[38;2;255;255;255;48;2;255;255;127m  [0m[38;2;0;0;0;48;2;127;63;0m==[0m[38;2;255;255;255;48;2;0;0;0m [0m[38;2;0;0;0;48;2;127;63;0m====\___===========______[0m
[38;2;0;0;0;48;2;127;63;0m==========__=[0m[38;2;128;64;0;48;2;0;0;0m▀[0m[38;2;0;0;0;48;2;255;255;128m▀▀▀▀▀[0m[38;2;255;255;255;48;2;0;0;0m [0m[38;2;0;0;0;48;2;255;255;127m≈≈≈≈≈Θ>[0m[38;2;255;0;0;48;2;255;255;128m    [0m[38;2;255;255;255;48;2;255;255;127m   [0m[38;2;255;0;0;48;2;255;255;128m - _-[0m[38;2;255;255;255;48;2;255;255;127m    [0m[38;2;0;0;0;48;2;255;255;127m![0m[38;2;0;0;0;48;2;255;255;128m¡!¡!¡¡![0m[38;2;255;255;255;48;2;255;255;127m  [0m[38;2;128;128;64;48;2;255;255;128m░[0m[38;2;255;255;255;48;2;0;0;0m [0m[38;2;0;0;0;48;2;127;63;0m====_=========_____======[0m
[38;2;0;0;0;48;2;127;63;0m========__==[0m[38;2;255;255;255;48;2;0;0;0m [0m[38;2;128;128;64;48;2;255;255;128m░░░░░▒[0m[38;2;255;255;255;48;2;0;0;0m [0m[38;2;255;255;255;48;2;255;255;127m [0m[38;2;128;128;64;48;2;255;255;128m\[0m[38;2;255;0;0;48;2;255;255;128m [0m[38;2;128;128;64;48;2;255;255;128m\  [0m[38;2;255;0;0;48;2;255;255;128m     [0m[38;2;255;255;255;48;2;255;255;127m                     [0m[38;2;128;128;64;48;2;255;255;128m░▒[0m[38;2;255;255;255;48;2;0;0;0m [0m[38;2;0;0;0;48;2;127;63;0m============__===========[0m
[38;2;0;0;0;48;2;127;63;0m======__===[0m[38;2;255;255;255;48;2;0;0;0m [0m[38;2;128;128;64;48;2;255;255;128m░▒▒▒▒[0m[38;2;255;255;255;48;2;127;127;63m [0m[38;2;255;255;255;48;2;0;0;0m [0m[38;2;128;128;64;48;2;255;255;128m▓░░░░░░░░░░░░░░░░░░░░░░░░░░░░░░░░▒[0m[38;2;128;128;64;48;2;0;0;0m▀[0m[38;2;0;0;0;48;2;128;64;0m▀[0m[38;2;0;0;0;48;2;127;63;0m======\_____======_______[0m
[38;2;0;0;0;48;2;127;63;0m===____====[0m[38;2;255;255;255;48;2;0;0;0m [0m[38;2;128;128;64;48;2;255;255;128m▒▒▒▒[0m[38;2;255;255;255;48;2;127;127;63m [0m[38;2;255;255;255;48;2;0;0;0m [0m[38;2;128;128;64;48;2;255;255;128m▓▒▒▒▒▒▒▒▒▒▒▒▒▒▒▒▒▒▒▒▒▒▒▒▒▒▒▒▒▒▒▒▒▓[0m[38;2;128;128;64;48;2;0;0;0m▀[0m[38;2;0;0;0;48;2;128;64;0m▀[0m[38;2;0;0;0;48;2;127;63;0m=======_=__________=======[0m
[38;2;0;0;0;48;2;127;63;0m___=========[0m[38;2;255;255;255;48;2;0;0;0m [0m[38;2;255;255;255;48;2;127;127;63m   [0m[38;2;255;255;255;48;2;0;0;0m [0m[38;2;0;0;0;48;2;128;128;64m=- @1j01                 -=-=-===[0m[38;2;128;128;64;48;2;0;0;0m▀[0m[38;2;0;0;0;48;2;128;64;0m▀[0m[38;2;0;0;0;48;2;127;63;0m===__=====__================[0m
[38;2;0;0;0;48;2;127;63;0m=============[0m[38;2;0;0;0;48;2;128;64;0m▀[0m[38;2;255;255;255;48;2;0;0;0m  [0m[38;2;128;128;64;48;2;0;0;0m▀▀▀▀▀▀▀▀▀▀▀▀▀▀▀▀▀▀▀▀▀▀▀▀▀▀▀▀▀▀▀▀[0m[38;2;0;0;0;48;2;128;64;0m▀▀[0m[38;2;0;0;0;48;2;127;63;0m====__======_==____________===[0m