[38;2;127;63;0;48;2;127;255;255m                                                                                [0m
[38;2;127;63;0;48;2;127;255;255m                           [0m[38;2;0;128;128;48;2;127;255;255m▓[0m[38;2;127;63;0;48;2;127;255;255m                                                    [0m
[38;2;127;63;0;48;2;127;255;255m                   [0m[38;2;0;128;128;48;2;127;255;255m▓▓▓▓▓▓▓▓▓▓[0m[38;2;127;63;0;48;2;127;255;255m                     [0m[38;2;0;0;128;48;2;127;255;255m░░[0m[38;2;0;128;128;48;2;127;255;255m░░░░░░░░░░░░░░░░░[0m[38;2;127;63;0;48;2;127;255;255m  [0m[38;2;0;128;128;48;2;127;255;255m░░[0m[38;2;0;0;128;48;2;127;255;255m░[0m[38;2;127;63;0;48;2;127;255;255m      [0m
[38;2;127;63;0;48;2;127;255;255m           [0m[38;2;0;128;128;48;2;127;255;255m░░▓▓▓▓▓▓▓▓[0m[38;2;0;0;128;48;2;127;255;255m▓▓▓▓▓▓▓▓▓▓▓[0m[38;2;127;63;0;48;2;127;255;255m          [0m[38;2;0;0;128;48;2;127;255;255m▓▓[0m[38;2;127;63;0;48;2;127;255;255m [0m[38;2;0;128;128;48;2;127;255;255m▓▓[0m[38;2;0;0;128;48;2;127;255;255m▓▓▓▓▓▓▓[0m[38;2;0;128;128;48;2;127;255;255m▓▓▓▓▓▓▓▓▓▓▓▓▓▓░░░░░░░[0m[38;2;127;63;0;48;2;127;255;255m     [0m
[38;2;127;63;0;48;2;127;255;255m          [0m[38;2;0;0;128;48;2;127;255;255m░░▓▓▓▓▓▓▓▓[0m[38;2;0;0;0;48;2;127;255;255m▓▓▓▓▓▓[0m[38;2;0;0;128;48;2;63;127;127m▓▓▓▓[0m[38;2;127;63;0;48;2;127;255;255m          [0m[38;2;0;0;128;48;2;127;255;255m░▓▓▓▓▓▓▓▓▓▓▓▓▓▓▓▓▓▓▓▓▓▓▓▓▓▓▓[0m[38;2;0;128;128;48;2;127;255;255m▓░░░░░[0m[38;2;127;63;0;48;2;127;255;255m      [0m
[38;2;127;63;0;48;2;127;255;255m           [0m[38;2;0;0;128;48;2;127;255;255m░░[0m[38;2;0;0;0;48;2;127;255;255m▓▓[0m[38;2;0;0;0;48;2;63;127;127m▓▓▓▓▓▓▓▓▓▓▓▓▓[0m[38;2;127;63;0;48;2;127;255;255m     [0m[38;2;255;255;0;48;2;127;255;255m\[0m[38;2;0;0;0;48;2;128;255;255m►[0m[38;2;127;63;0;48;2;127;255;255m    [0m[38;2;0;0;0;48;2;127;255;255m░░░▓▓▓▓[0m[38;2;0;0;128;48;2;127;255;255m▓▓▓▓[0m[38;2;0;0;0;48;2;127;255;255m▓▓▓▓▓▓▓▓▓▓▓[0m[38;2;0;0;128;48;2;127;255;255m▓▓▓▓▓[0m[38;2;0;0;0;48;2;127;255;255m▓▓░░░░[0m[38;2;127;63;0;48;2;127;255;255m        [0m
[38;2;127;63;0;48;2;127;255;255m            [0m[38;2;0;0;128;48;2;127;255;255m░[0m[38;2;0;0;0;48;2;127;255;255m░░░░░░░░[0m[38;2;127;63;0;48;2;127;255;255m             [0m[38;2;255;255;0;48;2;127;255;255m☻√[0m[38;2;127;63;0;48;2;127;255;255m    [0m[38;2;0;0;0;48;2;127;255;255m░░░░▓░[0m[38;2;0;0;0;48;2;63;127;127m▓▓▓[0m[38;2;0;0;0;48;2;127;255;255m▓▓▓[0m[38;2;0;0;0;48;2;63;127;127m▓▓▓▓▓▓▓[0m[38;2;0;0;0;48;2;127;255;255m▓▓[0m[38;2;0;0;0;48;2;63;127;127m▓▓▓[0m[38;2;0;0;0;48;2;127;255;255m░░░[0m[38;2;127;63;0;48;2;127;255;255m             [0m
[38;2;127;63;0;48;2;127;255;255m                                  [0m[38;2;0;0;0;48;2;127;63;0m╠[0m[38;2;127;63;0;48;2;127;255;255m             [0m[38;2;0;0;0;48;2;63;127;127m▓▓▓▓▓▓[0m[38;2;0;0;0;48;2;127;255;255m░░░░[0m[38;2;0;0;0;48;2;63;127;127m▓▓▓▓[0m[38;2;127;63;0;48;2;127;255;255m                  [0m
[38;2;127;63;0;48;2;127;255;255m                               [0m[38;2;0;0;0;48;2;0;0;0m▓▓▓[0m[38;2;0;0;0;48;2;127;63;0m╠[0m[38;2;0;0;0;48;2;0;0;0m▓▓▓[0m[38;2;127;63;0;48;2;127;255;255m             [0m[38;2;0;0;0;48;2;127;255;255m░░[0m[38;2;255;255;255;48;2;127;255;255m░░░[0m[38;2;0;0;0;48;2;127;255;255m░[0m[38;2;127;63;0;48;2;127;255;255m                       [0m
[38;2;127;63;0;48;2;127;255;255m     [0m[38;2;0;128;128;48;2;127;255;255m▓▓▓▓▓▓[0m[38;2;127;63;0;48;2;127;255;255m  [0m[38;2;0;128;128;48;2;127;255;255m░░░[0m[38;2;127;63;0;48;2;127;255;255m                [0m[38;2;0;0;0;48;2;0;0;0m▓[0m[38;2;127;63;0;48;2;0;0;0m▄[0m[38;2;0;0;0;48;2;127;63;0m╠[0m[38;2;127;63;0;48;2;0;0;0m▄[0m[38;2;0;0;0;48;2;0;0;0m▓▓▓[0m[38;2;127;63;0;48;2;127;255;255m                                         [0m
[38;2;127;63;0;48;2;127;255;255m  [0m[38;2;0;128;128;48;2;127;255;255m░░▓[0m[38;2;0;0;128;48;2;127;255;255m▓▓▓[0m[38;2;0;128;128;48;2;127;255;255m▓▓▓▓▓▓░░░[0m[38;2;127;63;0;48;2;127;255;255m              [0m[38;2;0;0;0;48;2;0;0;0m▓▓[0m[38;2;127;63;0;48;2;0;0;0m/[0m[38;2;0;0;0;48;2;127;63;0m╠[0m[38;2;0;0;0;48;2;0;0;0m▓▓▓[0m[38;2;127;63;0;48;2;127;255;255m                                          [0m
[38;2;0;128;128;48;2;127;255;255m░░░[0m[38;2;0;0;128;48;2;127;255;255m░▓[0m[38;2;0;0;128;48;2;63;127;127m▓▓▓▓▓▓[0m[38;2;0;0;128;48;2;127;255;255m▓▓▓[0m[38;2;0;128;128;48;2;127;255;255m▓░░[0m[38;2;127;63;0;48;2;127;255;255m              [0m[38;2;255;0;255;48;2;127;255;255m☻[0m[38;2;127;63;0;48;2;127;255;255m/#[0m[38;2;0;0;0;48;2;127;63;0m╠[0m[38;2;127;63;0;48;2;127;255;255m                                             [0m
[38;2;0;128;128;48;2;127;255;255m░░░[0m[38;2;0;0;128;48;2;127;255;255m░░▓[0m[38;2;0;0;0;48;2;127;255;255m░[0m[38;2;0;0;0;48;2;63;127;127m▓▓▓[0m[38;2;0;0;128;48;2;63;127;127m▓▓▓▓[0m[38;2;0;0;128;48;2;127;255;255m░░[0m[38;2;127;63;0;48;2;127;255;255m         [0m[38;2;0;0;0;48;2;0;0;0m      [0m[38;2;127;63;0;48;2;0;0;0m/▄▄[0m[38;2;0;0;0;48;2;127;63;0m╠[0m[38;2;127;63;0;48;2;0;0;0m▄▄[0m[38;2;0;0;0;48;2;0;0;0m   [0m[38;2;127;63;0;48;2;127;255;255m                                        [0m
[38;2;255;255;255;48;2;127;255;255m░░░░░░░░░░[0m[38;2;0;0;128;48;2;127;255;255m░[0m[38;2;0;0;0;48;2;127;255;255m░[0m[38;2;0;0;128;48;2;127;255;255m░░[0m[38;2;127;63;0;48;2;127;255;255m            [0m[38;2;0;0;0;48;2;0;0;0m    [0m[38;2;127;63;0;48;2;0;0;0m/###[0m[38;2;0;0;0;48;2;127;63;0m╠[0m[38;2;127;63;0;48;2;0;0;0m\\[0m[38;2;0;0;0;48;2;0;0;0m    [0m[38;2;127;63;0;48;2;127;255;255m                                       [0m
[38;2;127;63;0;48;2;127;255;255m                         [0m[38;2;0;0;0;48;2;0;0;0m    [0m[38;2;127;63;0;48;2;0;0;0m/####[0m[38;2;0;0;0;48;2;127;63;0m╠[0m[38;2;127;63;0;48;2;0;0;0m#\\[0m[38;2;0;0;0;48;2;127;63;0m╠[0m[38;2;127;63;0;48;2;0;0;0m [0m[38;2;127;63;0;48;2;127;255;255m                                        [0m
[38;2;127;63;0;48;2;127;255;255m                          [0m[38;2;0;0;0;48;2;127;63;0m¶[0m[38;2;127;63;63;48;2;0;255;255m☼[0m[38;2;127;63;0;48;2;0;0;0m/#▄###[0m[38;2;0;0;0;48;2;127;63;0m╠[0m[38;2;127;63;0;48;2;0;0;0m##[0m[38;2;0;0;0;48;2;127;63;0m╠╠[0m[38;2;0;0;0;48;2;127;63;63m¼[0m[38;2;127;63;0;48;2;127;255;255m                                        [0m
[38;2;127;63;0;48;2;127;255;255m                        [0m[38;2;255;0;0;48;2;127;255;255m☻[0m[38;2;127;63;0;48;2;127;255;255m [0m[38;2;127;63;0;48;2;0;0;0m◘[0m[38;2;127;63;0;48;2;127;255;255m/ ¥[0m[38;2;0;0;0;48;2;127;63;0m╠[0m[38;2;127;63;0;48;2;127;255;255m ¥ [0m[38;2;0;0;0;48;2;127;63;0m╠[0m[38;2;0;0;127;48;2;127;255;255m☻[0m[38;2;127;63;0;48;2;127;255;255m/[0m[38;2;127;63;0;48;2;0;0;0m◘§◘[0m[38;2;127;63;0;48;2;127;255;255m   [0m[38;2;0;127;0;48;2;127;255;255m☻[0m[38;2;127;63;0;48;2;127;255;255m                                    [0m
[38;2;127;63;0;48;2;127;255;255m                        [0m[38;2;127;63;0;48;2;0;0;0m◘◘◘◘◘◘◘◘◘◘◘◘◘◘◘◘◘◘[0m[38;2;127;63;0;48;2;127;255;255m⌐⌐        [0m[38;2;0;255;255;48;2;0;127;127m~~≈≈≈≈≈~~~~~~[0m[38;2;127;63;0;48;2;127;255;255m               [0m
[38;2;127;63;0;48;2;127;255;255m  [0m[38;2;0;255;255;48;2;0;127;127m~~~[0m[38;2;127;63;0;48;2;127;255;255m                    [0m[38;2;127;63;0;48;2;0;0;0m◘◘◘◘◘◘◘◘◘◘◘◘◘◘[0m[38;2;0;255;255;48;2;0;127;127m≈≈[0m[38;2;127;63;0;48;2;127;255;255m  [0m[38;2;0;127;127;48;2;255;255;255m~[0m[38;2;127;63;0;48;2;127;255;255m    [0m[38;2;0;255;255;48;2;0;127;127m~≈≈~[0m[38;2;0;127;127;48;2;0;255;255m~~~~~~~~~~~~~[0m[38;2;0;255;255;48;2;0;127;127m≈~~~≈≈≈≈≈≈~~~~~[0m
[38;2;0;255;255;48;2;0;127;127m~~[0m[38;2;0;127;127;48;2;0;255;255m~~~[0m[38;2;0;255;255;48;2;0;127;127m~~[0m[38;2;127;63;0;48;2;127;255;255m       [0m[38;2;255;127;63;48;2;127;255;255m⌠[0m[38;2;127;63;0;48;2;127;255;255m  [0m[38;2;0;127;127;48;2;255;255;255m~~~~~~~~~[0m[38;2;127;63;0;48;2;0;0;0m◘◘◘◘◘◘◘◘◘◘◘◘[0m[38;2;0;127;127;48;2;0;255;255m≈≈~[0m[38;2;0;255;255;48;2;0;127;127m≈≈≈≈≈~~[0m[38;2;0;127;127;48;2;0;255;255m~~~~≈≈~≈~~~≈~~≈≈≈~~~~~~~~~~~~~~~[0m
[38;2;0;127;127;48;2;0;255;255m~~~~~~[0m[38;2;255;127;63;48;2;0;255;255m≈[0m[38;2;0;255;255;48;2;0;127;127m~≈~~≈≈≈~≈~~~~~≈≈≈[0m[38;2;0;127;127;48;2;0;255;255m~[0m[38;2;0;127;127;48;2;255;255;255m~~~~~~[0m[38;2;0;127;127;48;2;0;255;255m~~~~~~≈≈≈≈~~~~~~~~~~~≈≈≈≈≈≈~≈≈≈~≈≈≈≈≈~≈~~≈≈~~~~~~[0m
[38;2;0;127;127;48;2;0;255;255m~~≈≈~[0m[38;2;255;127;63;48;2;0;255;255m≈[0m[38;2;0;127;127;48;2;0;255;255m~[0m[38;2;255;127;63;48;2;0;255;255mα≈≈µµτττ≈[0m[38;2;0;127;127;48;2;0;255;255m~~~≈≈≈~~≈~≈≈~≈~≈~≈~~~~≈≈~≈≈~~~~≈~~~~≈~≈≈~≈≈≈≈~≈≈≈≈≈≈≈≈≈≈≈≈≈≈~~~~[0m
[38;2;0;127;127;48;2;0;255;255m~≈~≈≈≈≈≈≈≈≈~≈~~~~~≈≈≈≈≈≈≈≈≈≈≈≈≈≈≈≈≈≈≈≈~≈≈≈~≈~~~≈≈≈≈≈≈≈≈~~~~~~~~≈~≈≈≈≈≈≈~≈≈≈~~~~~[0m
[38;2;0;127;127;48;2;0;255;255m~~≈≈≈≈≈≈≈≈≈≈≈≈~~~~~≈~~≈≈~~~~~≈≈~≈~~≈≈≈~≈~≈≈≈~~≈~≈~~~~~~~~~~~~~~~~~~~~~~~~≈~~~~~~[0m