[38;2;128;64;0;48;2;128;255;255m                                                                                [0m
[38;2;128;64;0;48;2;128;255;255m                           [0m[38;2;255;255;255;48;2;128;255;255m▓[0m[38;2;128;64;0;48;2;128;255;255m                                                    [0m
[38;2;128;64;0;48;2;128;255;255m                   [0m[38;2;255;255;255;48;2;128;255;255m▓▓▓▓▓▓▓▓▓▓[0m[38;2;128;64;0;48;2;128;255;255m                     [0m[38;2;255;255;255;48;2;128;255;255m░░░░░░░░░░░░░░░░░░░[0m[38;2;128;64;0;48;2;128;255;255m  [0m[38;2;255;255;255;48;2;128;255;255m░░░[0m[38;2;128;64;0;48;2;128;255;255m      [0m
[38;2;128;64;0;48;2;128;255;255m           [0m[38;2;255;255;255;48;2;128;255;255m░░▓▓▓▓▓▓▓▓▓▓▓▓▓▓▓▓▓▓▓[0m[38;2;128;64;0;48;2;128;255;255m          [0m[38;2;255;255;255;48;2;128;255;255m▓▓[0m[38;2;128;64;0;48;2;128;255;255m [0m[38;2;255;255;255;48;2;128;255;255m▓▓▓▓▓▓▓▓▓▓▓▓▓▓▓▓▓▓▓▓▓▓▓░░░░░░░[0m[38;2;128;64;0;48;2;128;255;255m     [0m
[38;2;128;64;0;48;2;128;255;255m          [0m[38;2;255;255;255;48;2;128;255;255m░░▓▓▓▓▓▓▓▓▓▓▓▓▓▓[0m[38;2;255;255;255;48;2;64;128;128m▓▓▓▓[0m[38;2;128;64;0;48;2;128;255;255m          [0m[38;2;255;255;255;48;2;128;255;255m░▓▓▓▓▓▓▓▓▓▓▓▓▓▓▓▓▓▓▓▓▓▓▓▓▓▓▓▓░░░░░[0m[38;2;128;64;0;48;2;128;255;255m      [0m
[38;2;128;64;0;48;2;128;255;255m           [0m[38;2;255;255;255;48;2;128;255;255m░░▓▓[0m[38;2;255;255;255;48;2;64;128;128m▓▓▓▓▓▓▓▓▓▓▓▓▓[0m[38;2;128;64;0;48;2;128;255;255m     [0m[38;2;255;255;0;48;2;128;255;255m\[0m[38;2;128;64;0;48;2;128;255;255m     [0m[38;2;255;255;255;48;2;128;255;255m░░░▓▓▓▓▓▓▓▓▓▓▓▓▓▓▓▓▓▓▓▓▓▓▓▓▓▓░░░░[0m[38;2;128;64;0;48;2;128;255;255m        [0m
[38;2;128;64;0;48;2;128;255;255m            [0m[38;2;255;255;255;48;2;128;255;255m░░░░░░░░░[0m[38;2;128;64;0;48;2;128;255;255m             [0m[38;2;255;255;0;48;2;128;255;255m☻√[0m[38;2;128;64;0;48;2;128;255;255m    [0m[38;2;255;255;255;48;2;128;255;255m░░░░▓░[0m[38;2;255;255;255;48;2;64;128;128m▓▓▓[0m[38;2;255;255;255;48;2;128;255;255m▓▓▓[0m[38;2;255;255;255;48;2;64;128;128m▓▓▓▓▓▓▓[0m[38;2;255;255;255;48;2;128;255;255m▓▓[0m[38;2;255;255;255;48;2;64;128;128m▓▓▓[0m[38;2;255;255;255;48;2;128;255;255m░░░[0m[38;2;128;64;0;48;2;128;255;255m             [0m
[38;2;128;64;0;48;2;128;255;255m                                  [0m[38;2;0;0;0;48;2;128;64;0m╠[0m[38;2;128;64;0;48;2;128;255;255m             [0m[38;2;255;255;255;48;2;64;128;128m▓▓▓▓▓▓[0m[38;2;255;255;255;48;2;128;255;255m░░░░[0m[38;2;255;255;255;48;2;64;128;128m▓▓▓▓[0m[38;2;128;64;0;48;2;128;255;255m                  [0m
[38;2;128;64;0;48;2;128;255;255m                               [0m[38;2;255;255;255;48;2;255;255;255m▓▓▓[0m[38;2;0;0;0;48;2;128;64;0m╠[0m[38;2;255;255;255;48;2;255;255;255m▓▓▓[0m[38;2;128;64;0;48;2;128;255;255m             [0m[38;2;255;255;255;48;2;128;255;255m░░░░░░[0m[38;2;128;64;0;48;2;128;255;255m                       [0m
[38;2;128;64;0;48;2;128;255;255m     [0m[38;2;255;255;255;48;2;128;255;255m▓▓▓▓▓▓[0m[38;2;128;64;0;48;2;128;255;255m  [0m[38;2;255;255;255;48;2;128;255;255m░░░[0m[38;2;128;64;0;48;2;128;255;255m                [0m[38;2;255;255;255;48;2;255;255;255m▓[0m[38;2;128;64;0;48;2;255;255;255m▄[0m[38;2;0;0;0;48;2;128;64;0m╠[0m[38;2;128;64;0;48;2;255;255;255m▄[0m[38;2;255;255;255;48;2;255;255;255m▓▓▓[0m[38;2;128;64;0;48;2;128;255;255m                                         [0m
[38;2;128;64;0;48;2;128;255;255m  [0m[38;2;255;255;255;48;2;128;255;255m░░▓▓▓▓▓▓▓▓▓▓░░░[0m[38;2;128;64;0;48;2;128;255;255m              [0m[38;2;255;255;255;48;2;255;255;255m▓▓[0m[38;2;128;64;0;48;2;255;255;255m/[0m[38;2;0;0;0;48;2;128;64;0m╠[0m[38;2;255;255;255;48;2;255;255;255m▓▓▓[0m[38;2;128;64;0;48;2;128;255;255m                                          [0m
[38;2;255;255;255;48;2;128;255;255m░░░░▓[0m[38;2;255;255;255;48;2;64;128;128m▓▓▓▓▓▓[0m[38;2;255;255;255;48;2;128;255;255m▓▓▓▓░░[0m[38;2;128;64;0;48;2;128;255;255m              [0m[38;2;255;0;255;48;2;128;255;255m☻[0m[38;2;128;64;0;48;2;128;255;255m/#[0m[38;2;0;0;0;48;2;128;64;0m╠[0m[38;2;128;64;0;48;2;128;255;255m                                             [0m
[38;2;255;255;255;48;2;128;255;255m░░░░░▓░[0m[38;2;255;255;255;48;2;64;128;128m▓▓▓▓▓▓▓[0m[38;2;255;255;255;48;2;128;255;255m░░[0m[38;2;128;64;0;48;2;128;255;255m         [0m[38;2;255;255;255;48;2;255;255;255m      [0m[38;2;128;64;0;48;2;255;255;255m/▄▄[0m[38;2;0;0;0;48;2;128;64;0m╠[0m[38;2;128;64;0;48;2;255;255;255m▄▄[0m[38;2;255;255;255;48;2;255;255;255m   [0m[38;2;128;64;0;48;2;128;255;255m                                        [0m
[38;2;255;255;255;48;2;128;255;255m░░░░░░░░░░░░░░[0m[38;2;128;64;0;48;2;128;255;255m            [0m[38;2;255;255;255;48;2;255;255;255m    [0m[38;2;128;64;0;48;2;255;255;255m/###[0m[38;2;0;0;0;48;2;128;64;0m╠[0m[38;2;128;64;0;48;2;255;255;255m\\[0m[38;2;255;255;255;48;2;255;255;255m    [0m[38;2;128;64;0;48;2;128;255;255m                                       [0m
[38;2;128;64;0;48;2;128;255;255m                         [0m[38;2;255;255;255;48;2;255;255;255m    [0m[38;2;128;64;0;48;2;255;255;255m/####[0m[38;2;0;0;0;48;2;128;64;0m╠[0m[38;2;128;64;0;48;2;255;255;255m#\\[0m[38;2;0;0;0;48;2;128;64;0m╠[0m[38;2;128;64;0;48;2;255;255;255m [0m[38;2;128;64;0;48;2;128;255;255m                                        [0m
[38;2;128;64;0;48;2;128;255;255m                          [0m[38;2;0;0;0;48;2;128;64;0m¶[0m[38;2;128;64;64;48;2;0;255;255m☼[0m[38;2;128;64;0;48;2;255;255;255m/#▄###[0m[38;2;0;0;0;48;2;128;64;0m╠[0m[38;2;128;64;0;48;2;255;255;255m##[0m[38;2;0;0;0;48;2;128;64;0m╠╠[0m[38;2;0;0;0;48;2;128;64;64m¼[0m[38;2;128;64;0;48;2;128;255;255m                                        [0m
[38;2;128;64;0;48;2;128;255;255m                        [0m[38;2;255;0;0;48;2;128;255;255m☻[0m[38;2;128;64;0;48;2;128;255;255m [0m[38;2;128;64;0;48;2;0;0;0m◘[0m[38;2;128;64;0;48;2;128;255;255m/ ¥[0m[38;2;0;0;0;48;2;128;64;0m╠[0m[38;2;128;64;0;48;2;128;255;255m ¥ [0m[38;2;0;0;0;48;2;128;64;0m╠[0m[38;2;0;0;128;48;2;128;255;255m☻[0m[38;2;128;64;0;48;2;128;255;255m/[0m[38;2;128;64;0;48;2;0;0;0m◘§◘[0m[38;2;128;64;0;48;2;128;255;255m   [0m[38;2;0;128;0;48;2;128;255;255m☻[0m[38;2;128;64;0;48;2;128;255;255m                                    [0m
[38;2;128;64;0;48;2;128;255;255m                        [0m[38;2;128;64;0;48;2;0;0;0m◘◘◘◘◘◘◘◘◘◘◘◘◘◘◘◘◘◘[0m[38;2;128;64;0;48;2;128;255;255m⌐⌐        [0m[38;2;0;255;255;48;2;0;128;128m~~≈≈≈≈≈~~~~~~[0m[38;2;128;64;0;48;2;128;255;255m               [0m
[38;2;128;64;0;48;2;128;255;255m  [0m[38;2;0;255;255;48;2;0;128;128m~~~[0m[38;2;128;64;0;48;2;128;255;255m                    [0m[38;2;128;64;0;48;2;0;0;0m◘◘◘◘◘◘◘◘◘◘◘◘◘◘[0m[38;2;0;255;255;48;2;0;128;128m≈≈[0m[38;2;128;64;0;48;2;128;255;255m  [0m[38;2;0;128;128;48;2;255;255;255m~[0m[38;2;128;64;0;48;2;128;255;255m    [0m[38;2;0;255;255;48;2;0;128;128m~≈≈~[0m[38;2;0;128;128;48;2;0;255;255m~~~~~~~~~~~~~[0m[38;2;0;255;255;48;2;0;128;128m≈~~~≈≈≈≈≈≈~~~~~[0m
[38;2;0;255;255;48;2;0;128;128m~~[0m[38;2;0;128;128;48;2;0;255;255m~~~[0m[38;2;0;255;255;48;2;0;128;128m~~[0m[38;2;128;64;0;48;2;128;255;255m       [0m[38;2;255;128;64;48;2;128;255;255m⌠[0m[38;2;128;64;0;48;2;128;255;255m  [0m[38;2;0;128;128;48;2;255;255;255m~~~~~~~~~[0m[38;2;128;64;0;48;2;0;0;0m◘◘◘◘◘◘◘◘◘◘◘◘[0m[38;2;0;128;128;48;2;0;255;255m≈≈~[0m[38;2;0;255;255;48;2;0;128;128m≈≈≈≈≈~~[0m[38;2;0;128;128;48;2;0;255;255m~~~~≈≈~≈~~~≈~~≈≈≈~~~~~~~~~~~~~~~[0m
[38;2;0;128;128;48;2;0;255;255m~~~~~~[0m[38;2;255;128;64;48;2;0;255;255m≈[0m[38;2;0;255;255;48;2;0;128;128m~≈~~≈≈≈~≈~~~~~≈≈≈[0m[38;2;0;128;128;48;2;0;255;255m~[0m[38;2;0;128;128;48;2;255;255;255m~~~~~~[0m[38;2;0;128;128;48;2;0;255;255m~~~~~~≈≈≈≈~~~~~~~~~~~≈≈≈≈≈≈~≈≈≈~≈≈≈≈≈~≈~~≈≈~~~~~~[0m
[38;2;0;128;128;48;2;0;255;255m~~≈≈~[0m[38;2;255;128;64;48;2;0;255;255m≈[0m[38;2;0;128;128;48;2;0;255;255m~[0m[38;2;255;128;64;48;2;0;255;255mα≈≈µµτττ≈[0m[38;2;0;128;128;48;2;0;255;255m~~~≈≈≈~~≈~≈≈~≈~≈~≈~~~~≈≈~≈≈~~~~≈~~~~≈~≈≈~≈≈≈≈~≈≈≈≈≈≈≈≈≈≈≈≈≈≈~~~~[0m
[38;2;0;128;128;48;2;0;255;255m~≈~≈≈≈≈≈≈≈≈~≈~~~~~≈≈≈≈≈≈≈≈≈≈≈≈≈≈≈≈≈≈≈≈~≈≈≈~≈~~~≈≈≈≈≈≈≈≈~~~~~~~~≈~≈≈≈≈≈≈~≈≈≈~~~~~[0m
[38;2;0;128;128;48;2;0;255;255m~~≈≈≈≈≈≈≈≈≈≈≈≈~~~~~≈~~≈≈~~~~~≈≈~≈~~≈≈≈~≈~≈≈≈~~≈~≈~~~~~~~~~~~~~~~~~~~~~~~~≈~~~~~~[0m