[38;2;0;255;0;48;2;0;64;64m  [0m[38;2;255;0;0;48;2;0;64;64m↔[0m[38;2;0;255;0;48;2;0;64;64m  [0m
[38;2;0;255;0;48;2;0;64;64m [0m[38;2;255;255;255;48;2;0;64;64m███[0m[38;2;0;255;0;48;2;0;64;64m [0m
[38;2;0;255;0;48;2;0;64;64m     [0m
[38;2;0;255;0;48;2;0;64;64m  [0m[38;2;255;255;255;48;2;0;64;64m▄▄[0m[38;2;0;255;0;48;2;0;64;64m [0m
[38;2;0;255;0;48;2;0;64;64m  [0m[38;2;255;255;255;48;2;0;64;64m██[0m[38;2;255;0;0;48;2;0;64;64m↕[0m
[38;2;0;255;0;48;2;0;64;64m  [0m[38;2;255;255;255;48;2;0;64;64m▀▀[0m[38;2;0;255;0;48;2;0;64;64m [0m
[38;2;0;255;0;48;2;0;64;64m  [0m[38;2;255;0;0;48;2;0;64;64m↔[0m[38;2;0;255;0;48;2;0;64;64m  [0m
[38;2;255;255;255;48;2;0;64;64m◢███◤[0m
[38;2;0;255;0;48;2;0;64;64m     [0m
[38;2;0;255;0;48;2;0;64;64m  [0m[38;2;255;255;255;48;2;0;64;64m◢[0m[38;2;0;255;0;48;2;0;64;64m  [0m
[38;2;0;255;0;48;2;0;64;64m  [0m[38;2;255;255;255;48;2;0;64;64m█[0m[38;2;0;255;0;48;2;0;64;64m [0m[38;2;255;0;0;48;2;0;64;64m↕[0m
[38;2;0;255;0;48;2;0;64;64m  [0m[38;2;255;255;255;48;2;0;64;64m◤[0m[38;2;0;255;0;48;2;0;64;64m  [0m