[38;2;0;0;0;48;2;255;255;255m                    [0m
[38;2;0;0;0;48;2;255;255;255m                    [0m
[38;2;0;0;0;48;2;255;255;255m                    [0m
[38;2;0;0;0;48;2;255;255;255m    [0m[38;2;0;0;0;48;2;217;181;123m [0m[38;2;217;181;123;48;2;255;255;255m▄[0m[38;2;0;0;0;48;2;255;255;255m         [0m[38;2;217;181;123;48;2;255;255;255m▄[0m[38;2;0;0;0;48;2;217;181;123m [0m[38;2;0;0;0;48;2;255;255;255m   [0m
[38;2;0;0;0;48;2;255;255;255m    [0m[38;2;0;0;0;48;2;217;181;123m [0m[38;2;241;233;142;48;2;217;181;123m▄[0m[38;2;0;0;0;48;2;217;181;123m [0m[38;2;217;181;123;48;2;255;255;255m▄[0m[38;2;0;0;0;48;2;255;255;255m     [0m[38;2;217;181;123;48;2;255;255;255m▄[0m[38;2;0;0;0;48;2;217;181;123m [0m[38;2;241;233;142;48;2;217;181;123m▄[0m[38;2;0;0;0;48;2;217;181;123m [0m[38;2;0;0;0;48;2;255;255;255m   [0m
[38;2;0;0;0;48;2;255;255;255m [0m[38;2;0;0;0;48;2;255;255;255m≈≈≈[0m[38;2;0;0;0;48;2;217;181;123m [0m[38;2;0;0;0;48;2;241;233;142m [0m[38;2;217;181;123;48;2;241;233;142m▄[0m[38;2;0;0;0;48;2;217;181;123m [0m[38;2;0;0;0;48;2;227;150;28m=[0m[38;2;0;0;0;48;2;217;181;123m^[0m[38;2;0;0;0;48;2;227;150;28m=[0m[38;2;0;0;0;48;2;217;181;123m^[0m[38;2;0;0;0;48;2;227;150;28m=[0m[38;2;0;0;0;48;2;217;181;123m [0m[38;2;217;181;123;48;2;241;233;142m▄[0m[38;2;0;0;0;48;2;241;233;142m [0m[38;2;0;0;0;48;2;217;181;123m [0m[38;2;0;0;0;48;2;255;255;255m≈≈≈[0m
[38;2;0;0;0;48;2;255;255;255m  [0m[38;2;0;0;0;48;2;255;255;255m≈≈[0m[38;2;0;0;0;48;2;217;181;123m=([0m[38;2;0;0;0;48;2;255;255;255m▐▌[0m[38;2;0;0;0;48;2;217;181;123m)[0m[38;2;0;0;0;48;2;241;233;142m)[0m[38;2;0;0;0;48;2;227;150;28m [0m[38;2;0;0;0;48;2;241;233;142m([0m[38;2;0;0;0;48;2;217;181;123m([0m[38;2;0;0;0;48;2;255;255;255m▐▌[0m[38;2;0;0;0;48;2;217;181;123m)=[0m[38;2;0;0;0;48;2;255;255;255m≈≈[0m[38;2;0;0;0;48;2;255;255;255m [0m
[38;2;0;0;0;48;2;255;255;255m  [0m[38;2;0;0;0;48;2;217;181;123m/ \==,[0m[38;2;0;0;0;48;2;241;233;142m,[0m[38;2;241;233;142;48;2;255;142;255m▄[0m[38;2;0;0;0;48;2;255;142;255m"[0m[38;2;241;233;142;48;2;255;142;255m▄[0m[38;2;0;0;0;48;2;241;233;142m,[0m[38;2;0;0;0;48;2;217;181;123m,==/ \[0m[38;2;0;0;0;48;2;255;255;255m [0m
[38;2;0;0;0;48;2;255;255;255m  [0m[38;2;0;0;0;48;2;217;181;123m((([0m[38;2;255;255;255;48;2;0;0;0m           [0m[38;2;0;0;0;48;2;217;181;123m)))[0m[38;2;0;0;0;48;2;255;255;255m [0m
[38;2;0;0;0;48;2;255;255;255m   [0m[38;2;255;255;255;48;2;0;0;0m   ▄           [0m[38;2;0;0;0;48;2;255;255;255m  [0m
[38;2;0;0;0;48;2;255;255;255m   [0m[38;2;255;255;255;48;2;0;0;0m   ▀[0m[38;2;255;255;255;48;2;255;255;255m [0m[38;2;255;255;255;48;2;0;0;0m▄         [0m[38;2;0;0;0;48;2;255;255;255m  [0m
[38;2;0;0;0;48;2;255;255;255m   [0m[38;2;255;255;255;48;2;0;0;0m     [0m[38;2;255;255;255;48;2;255;255;255m  [0m[38;2;255;255;255;48;2;0;0;0m        [0m[38;2;0;0;0;48;2;255;255;255m  [0m
[38;2;0;0;0;48;2;255;255;255m   [0m[38;2;255;255;255;48;2;0;0;0m   ▄[0m[38;2;255;255;255;48;2;255;255;255m [0m[38;2;255;255;255;48;2;0;0;0m▀  ▄▄▄▄▄  [0m[38;2;0;0;0;48;2;255;255;255m  [0m
[38;2;0;0;0;48;2;255;255;255m   [0m[38;2;255;255;255;48;2;0;0;0m   ▀    ▀▀▀▀▀  [0m[38;2;0;0;0;48;2;255;255;255m  [0m
[38;2;0;0;0;48;2;255;255;255m   [0m[38;2;255;255;255;48;2;0;0;0m               [0m[38;2;0;0;0;48;2;255;255;255m  [0m
[38;2;0;0;0;48;2;255;255;255m                    [0m