[38;2;0;0;0;48;2;255;255;255m                                                                                [0m
[38;2;0;0;0;48;2;255;255;255m                                                                                [0m
[38;2;0;0;0;48;2;255;255;255m                                                                                [0m
[38;2;0;0;0;48;2;255;255;255m                                                                                [0m
[38;2;0;0;0;48;2;255;255;255m         [0m[38;2;255;255;255;48;2;128;64;0m    [0m[38;2;0;0;0;48;2;255;255;255m            [0m[38;2;255;255;255;48;2;128;64;0m     [0m[38;2;0;0;0;48;2;255;255;255m                                                  [0m
[38;2;0;0;0;48;2;255;255;255m         [0m[38;2;255;255;255;48;2;128;64;0m       [0m[38;2;0;0;0;48;2;255;255;255m      [0m[38;2;255;255;255;48;2;128;64;0m        [0m[38;2;0;0;0;48;2;255;255;255m                                                  [0m
[38;2;0;0;0;48;2;255;255;255m          [0m[38;2;255;255;255;48;2;128;64;0m                   [0m[38;2;0;0;0;48;2;255;255;255m                                                   [0m
[38;2;0;0;0;48;2;255;255;255m           [0m[38;2;255;255;255;48;2;128;64;0m   [0m[38;2;255;255;255;48;2;128;64;0m▄[0m[38;2;255;255;255;48;2;255;255;255m [0m[38;2;255;255;255;48;2;128;64;0m▄[0m[38;2;255;255;255;48;2;128;64;0m     [0m[38;2;255;255;255;48;2;128;64;0m▄[0m[38;2;255;255;255;48;2;255;255;255m [0m[38;2;255;255;255;48;2;128;64;0m▄[0m[38;2;255;255;255;48;2;128;64;0m   [0m[38;2;0;0;0;48;2;255;255;255m                                                    [0m
[38;2;0;0;0;48;2;255;255;255m       [0m[38;2;255;255;255;48;2;0;0;0m▄▄▄▄▄[0m[38;2;255;255;255;48;2;128;64;0m  [0m[38;2;255;255;255;48;2;255;255;255m [0m[38;2;0;0;0;48;2;255;255;0m♦[0m[38;2;255;255;255;48;2;255;255;255m [0m[38;2;255;255;255;48;2;128;64;0m     [0m[38;2;255;255;255;48;2;255;255;255m [0m[38;2;0;0;0;48;2;255;255;0m♦[0m[38;2;255;255;255;48;2;255;255;255m [0m[38;2;255;255;255;48;2;128;64;0m  [0m[38;2;255;255;255;48;2;0;0;0m▄▄▄▄▄[0m[38;2;0;0;0;48;2;255;255;255m                                                [0m
[38;2;0;0;0;48;2;255;255;255m       [0m[38;2;255;255;255;48;2;0;0;0m▄▄▄▄▄[0m[38;2;255;255;255;48;2;128;64;0m   [0m[38;2;255;255;255;48;2;128;64;0m▀[0m[38;2;255;255;255;48;2;128;64;0m       [0m[38;2;255;255;255;48;2;128;64;0m▀[0m[38;2;255;255;255;48;2;128;64;0m   [0m[38;2;255;255;255;48;2;0;0;0m▄▄▄▄▄[0m[38;2;0;0;0;48;2;255;255;255m                                                [0m
[38;2;0;0;0;48;2;255;255;255m        [0m[38;2;255;255;255;48;2;0;0;0m▄▄[0m[38;2;0;0;0;48;2;128;128;128m   [0m[38;2;255;255;255;48;2;128;64;0m     [0m[38;2;255;255;255;48;2;128;64;0m▄▄▄[0m[38;2;255;255;255;48;2;128;64;0m      [0m[38;2;255;255;255;48;2;0;0;0m▄[0m[38;2;0;0;0;48;2;128;128;128m    [0m[38;2;0;0;0;48;2;255;255;255m                                                [0m
[38;2;0;0;0;48;2;255;255;255m       [0m[38;2;0;0;0;48;2;128;128;128m        [0m[38;2;255;255;255;48;2;128;64;0m           [0m[38;2;0;0;0;48;2;128;128;128m         [0m[38;2;0;0;0;48;2;255;255;255m                                             [0m
[38;2;0;0;0;48;2;255;255;255m       [0m[38;2;0;0;0;48;2;128;128;128m  [0m[38;2;0;0;0;48;2;255;255;255m [0m[38;2;0;0;0;48;2;128;128;128m  [0m[38;2;0;0;0;48;2;255;255;255m [0m[38;2;0;0;0;48;2;128;128;128m  [0m[38;2;0;0;0;48;2;255;255;255m [0m[38;2;255;255;255;48;2;128;64;0m       [0m[38;2;0;0;0;48;2;255;255;255m   [0m[38;2;0;0;0;48;2;128;128;128m  [0m[38;2;0;0;0;48;2;255;255;255m [0m[38;2;0;0;0;48;2;128;128;128m  [0m[38;2;0;0;0;48;2;255;255;255m [0m[38;2;0;0;0;48;2;128;128;128m   [0m[38;2;0;0;0;48;2;255;255;255m                                             [0m
[38;2;0;0;0;48;2;255;255;255m           [0m[38;2;0;0;0;48;2;0;0;0m                [0m[38;2;0;0;0;48;2;255;255;255m                                                     [0m
[38;2;0;0;0;48;2;255;255;255m           [0m[38;2;0;0;0;48;2;0;0;0m   [0m[38;2;0;0;0;48;2;255;255;255m [0m[38;2;0;0;0;48;2;0;0;0m            [0m[38;2;0;0;0;48;2;255;255;255m                                                     [0m
[38;2;0;0;0;48;2;255;255;255m           [0m[38;2;0;0;0;48;2;0;0;0m    [0m[38;2;0;0;0;48;2;255;255;255m [0m[38;2;0;0;0;48;2;0;0;0m           [0m[38;2;0;0;0;48;2;255;255;255m                                                     [0m
[38;2;0;0;0;48;2;255;255;255m           [0m[38;2;0;0;0;48;2;0;0;0m     [0m[38;2;0;0;0;48;2;255;255;255m [0m[38;2;0;0;0;48;2;0;0;0m          [0m[38;2;0;0;0;48;2;255;255;255m                                                     [0m
[38;2;0;0;0;48;2;255;255;255m           [0m[38;2;0;0;0;48;2;0;0;0m    [0m[38;2;0;0;0;48;2;255;255;255m [0m[38;2;0;0;0;48;2;0;0;0m           [0m[38;2;0;0;0;48;2;255;255;255m                                                     [0m
[38;2;0;0;0;48;2;255;255;255m           [0m[38;2;0;0;0;48;2;0;0;0m   [0m[38;2;0;0;0;48;2;255;255;255m [0m[38;2;0;0;0;48;2;0;0;0m     [0m[38;2;0;0;0;48;2;255;255;255m     [0m[38;2;0;0;0;48;2;0;0;0m  [0m[38;2;0;0;0;48;2;255;255;255m                                                     [0m
[38;2;0;0;0;48;2;255;255;255m           [0m[38;2;0;0;0;48;2;0;0;0m                [0m[38;2;0;0;0;48;2;255;255;255m                                                     [0m
[38;2;0;0;0;48;2;255;255;255m                                                                                [0m
[38;2;0;0;0;48;2;255;255;255m                                                                                [0m
[38;2;0;0;0;48;2;255;255;255m                                                                                [0m
[38;2;0;0;0;48;2;255;255;255m                                                                                [0m