[38;2;128;0;0;48;2;255;255;255m====[0m[38;2;0;0;0;48;2;255;255;255m       [0m[38;2;128;0;0;48;2;255;255;255m====[0m
[38;2;0;0;0;48;2;255;255;255m [0m[38;2;128;0;0;48;2;255;255;255m\[0m[38;2;255;0;0;48;2;255;255;255m##[0m[38;2;128;0;0;48;2;255;255;255m\[0m[38;2;0;0;255;48;2;255;255;255m_____[0m[38;2;128;0;0;48;2;255;255;255m/[0m[38;2;255;0;0;48;2;255;255;255m##[0m[38;2;128;0;0;48;2;255;255;255m/[0m[38;2;0;0;0;48;2;255;255;255m [0m
[38;2;0;0;255;48;2;255;255;255m{=============}[0m
[38;2;0;0;0;48;2;255;255;255m   [0m[38;2;128;0;0;48;2;255;255;255m\[0m[38;2;255;0;0;48;2;255;255;255m##[0m[38;2;128;0;0;48;2;255;255;255m\[0m[38;2;0;0;255;48;2;255;255;255m#[0m[38;2;128;0;0;48;2;255;255;255m/[0m[38;2;255;0;0;48;2;255;255;255m##[0m[38;2;128;0;0;48;2;255;255;255m/[0m[38;2;0;0;0;48;2;255;255;255m   [0m
[38;2;0;0;0;48;2;255;255;255m    [0m[38;2;128;0;0;48;2;255;255;255m\[0m[38;2;255;0;0;48;2;255;255;255m#[0m[38;2;0;0;255;48;2;255;255;255m|#|[0m[38;2;255;0;0;48;2;255;255;255m#[0m[38;2;128;0;0;48;2;255;255;255m/[0m[38;2;0;0;0;48;2;255;255;255m    [0m
[38;2;0;0;0;48;2;255;255;255m     [0m[38;2;128;0;0;48;2;255;255;255m\/[0m[38;2;0;0;255;48;2;255;255;255m#[0m[38;2;128;0;0;48;2;255;255;255m\/[0m[38;2;0;0;0;48;2;255;255;255m     [0m
[38;2;0;0;0;48;2;255;255;255m     [0m[38;2;128;0;0;48;2;255;255;255m/[0m[38;2;0;0;255;48;2;255;255;255m|#|[0m[38;2;128;0;0;48;2;255;255;255m\[0m[38;2;0;0;0;48;2;255;255;255m     [0m
[38;2;0;0;0;48;2;255;255;255m    [0m[38;2;128;0;0;48;2;255;255;255m/[0m[38;2;255;0;0;48;2;255;255;255m#[0m[38;2;0;0;255;48;2;255;255;255m|#|[0m[38;2;255;0;0;48;2;255;255;255m#[0m[38;2;128;0;0;48;2;255;255;255m\[0m[38;2;0;0;0;48;2;255;255;255m    [0m
[38;2;0;0;0;48;2;255;255;255m   [0m[38;2;128;0;0;48;2;255;255;255m/[0m[38;2;255;0;0;48;2;255;255;255m##[0m[38;2;128;0;0;48;2;255;255;255m/[0m[38;2;0;0;255;48;2;255;255;255m#[0m[38;2;128;0;0;48;2;255;255;255m\[0m[38;2;255;0;0;48;2;255;255;255m##[0m[38;2;128;0;0;48;2;255;255;255m\[0m[38;2;0;0;0;48;2;255;255;255m   [0m
[38;2;0;0;0;48;2;255;255;255m  [0m[38;2;128;0;0;48;2;255;255;255m/[0m[38;2;255;0;0;48;2;255;255;255m##[0m[38;2;0;0;255;48;2;255;255;255m_===_[0m[38;2;255;0;0;48;2;255;255;255m##[0m[38;2;128;0;0;48;2;255;255;255m\[0m[38;2;0;0;0;48;2;255;255;255m  [0m
[38;2;0;0;0;48;2;255;255;255m [0m[38;2;128;0;0;48;2;255;255;255m/[0m[38;2;255;0;0;48;2;255;255;255m##[0m[38;2;0;0;255;48;2;255;255;255m=======[0m[38;2;255;0;0;48;2;255;255;255m##[0m[38;2;128;0;0;48;2;255;255;255m\[0m[38;2;0;0;0;48;2;255;255;255m [0m
[38;2;128;0;0;48;2;255;255;255m====[0m[38;2;0;0;0;48;2;255;255;255m       [0m[38;2;128;0;0;48;2;255;255;255m====[0m