[38;2;0;0;0;48;2;255;255;255m╭╮                                                                              [0m
[38;2;0;0;0;48;2;255;255;255m╰╯                                                                              [0m
[38;2;0;0;0;48;2;255;255;255m                                                                                [0m
[38;2;0;0;0;48;2;255;255;255m [0m[38;2;0;0;0;48;2;255;255;0m   [0m[38;2;0;0;0;48;2;255;255;255m [0m[38;2;0;128;0;48;2;255;255;255m▰[0m[38;2;0;0;0;48;2;255;255;255m                                                                          [0m
[38;2;0;0;0;48;2;255;255;255m [0m[38;2;0;0;0;48;2;255;255;0m [0m[38;2;0;0;255;48;2;255;255;0m🛢[0m[38;2;0;0;0;48;2;255;255;0m [0m[38;2;0;0;0;48;2;255;255;255m [0m[38;2;0;255;0;48;2;255;255;255m▀[0m[38;2;0;128;0;48;2;255;255;255mᐟ[0m[38;2;0;0;0;48;2;255;255;255m                                                                         [0m
[38;2;0;0;0;48;2;255;255;255m [0m[38;2;0;0;0;48;2;255;255;0m      [0m[38;2;0;0;0;48;2;255;255;255m                                                                         [0m
[38;2;0;0;0;48;2;255;255;255m [0m[38;2;0;0;0;48;2;255;255;0m    [0m[38;2;0;128;0;48;2;255;255;0m▰[0m[38;2;0;0;0;48;2;255;255;0m [0m[38;2;0;0;0;48;2;255;255;255m                                                                         [0m
[38;2;0;0;0;48;2;255;255;255m [0m[38;2;0;0;0;48;2;255;255;0m [0m[38;2;0;0;255;48;2;255;255;0m🛢[0m[38;2;0;0;0;48;2;255;255;0m  [0m[38;2;0;255;0;48;2;255;255;0m▀[0m[38;2;0;128;0;48;2;255;255;0mᐟ[0m[38;2;0;0;0;48;2;255;255;255m                                                                         [0m
[38;2;0;0;0;48;2;255;255;255m [0m[38;2;0;0;0;48;2;255;255;0m      [0m[38;2;0;0;0;48;2;255;255;255m                                                                         [0m
[38;2;0;0;0;48;2;255;255;255m                                                                                [0m
[38;2;0;0;0;48;2;255;255;255m                🛢️                                                              [0m
[38;2;0;0;0;48;2;255;255;255m                                                                                [0m
[38;2;0;0;0;48;2;255;255;255m                                                                                [0m
[38;2;0;0;0;48;2;255;255;255m                        ╱                                                       [0m
[38;2;0;0;0;48;2;255;255;255m                                  🔴                                             [0m
[38;2;0;0;0;48;2;255;255;255m                                     🔴                                          [0m
[38;2;0;0;0;48;2;255;255;255m               ◕                                                                [0m
[38;2;0;0;0;48;2;255;255;255m                                                                                [0m
[38;2;0;0;0;48;2;255;255;255m                                                                                [0m
[38;2;0;0;0;48;2;255;255;255m                                                                                [0m
[38;2;0;0;0;48;2;255;255;255m                                                                                [0m
[38;2;0;0;0;48;2;255;255;255m                                                                                [0m
[38;2;0;0;0;48;2;255;255;255m                                                                                [0m
[38;2;0;0;0;48;2;255;255;255m                                                                                [0m